# Matter power spectrum P(k) at redshift z=100
# for k=1.7181e-05 to 1057.74 h/Mpc,
# number of wavenumbers equal to 650
#    1:k (h/Mpc)              2:P (Mpc/h)^3        
       1.718100895971e-05       1.150080127308e-03 
       3.587933862447e-05       2.335282107026e-03 
       5.472719772997e-05       3.505190446237e-03 
       7.383178624447e-05       4.675159866561e-03 
       9.330421138831e-05       5.855717674272e-03 
       1.132615652384e-04       7.055906525222e-03 
       1.338291408165e-04       8.284347141664e-03 
       1.551428425287e-04       9.549751576721e-03 
       1.773518457215e-04       1.086125274767e-02 
       2.006215568155e-04       1.222866495134e-02 
       2.251369175871e-04       1.366272089715e-02 
       2.511060810926e-04       1.517530458007e-02 
       2.787644571579e-04       1.677968937887e-02 
       3.083790747776e-04       1.849078173928e-02 
       3.402531270947e-04       2.032536544430e-02 
       3.747304394790e-04       2.230233313706e-02 
       4.121994196236e-04       2.444288047539e-02 
       4.530958016084e-04       2.677062370424e-02 
       4.979031882427e-04       2.931158912307e-02 
       5.471500622805e-04       3.209399895580e-02 
       6.014016642277e-04       3.514777100590e-02 
       6.612450824238e-04       3.850364550772e-02 
       7.272663011032e-04       4.219188016778e-02 
       8.000190466360e-04       4.624051600283e-02 
       8.799871642059e-04       5.067332303229e-02 
       9.675446907352e-04       5.550766542477e-02 
       1.062919996449e-03       6.075263930196e-02 
       1.166171213428e-03       6.640787270653e-02 
       1.277178734592e-03       7.246328192991e-02 
       1.395656892399e-03       7.889987607233e-02 
       1.521182297352e-03       8.569144119898e-02 
       1.653232635093e-03       9.280674935292e-02 
       1.791228356804e-03       1.002118720804e-01 
       1.934570742717e-03       1.078722486732e-01 
       2.082672291894e-03       1.157543039654e-01 
       2.234978040646e-03       1.238264969499e-01 
       2.390978390810e-03       1.320553563286e-01 
       2.550215084249e-03       1.404193800852e-01 
       2.712282248797e-03       1.488957412062e-01 
       2.876824264459e-03       1.574644399280e-01 
       3.043531825090e-03       1.661080601943e-01 
       3.212137171994e-03       1.748114883927e-01 
       3.382409135563e-03       1.835616194715e-01 
       3.554148364277e-03       1.923470940824e-01 
       3.727182942406e-03       2.011580574298e-01 
       3.901364482579e-03       2.099859156395e-01 
       4.076564709624e-03       2.188231833800e-01 
       4.252672513007e-03       2.276632937344e-01 
       4.429591425793e-03       2.365004771859e-01 
       4.607237480580e-03       2.453296467847e-01 
       4.785537392305e-03       2.541462845840e-01 
       4.964427020835e-03       2.629463789935e-01 
       5.143850071066e-03       2.717263418679e-01 
       5.323756993482e-03       2.804829679372e-01 
       5.504104053389e-03       2.892133708368e-01 
       5.684852541755e-03       2.979149339909e-01 
       5.865968104924e-03       3.065853032090e-01 
       6.047420174062e-03       3.152223458380e-01 
       6.229181478418e-03       3.238240673958e-01 
       6.411227629051e-03       3.323888143719e-01 
       6.593536761938e-03       3.409148409404e-01 
       6.776089231211e-03       3.494007090281e-01 
       6.958867344787e-03       3.578450632352e-01 
       7.141855135947e-03       3.662466188465e-01 
       7.325038165467e-03       3.746043982837e-01 
       7.508403349770e-03       3.829171520209e-01 
       7.691938811311e-03       3.911840128218e-01 
       7.875633747978e-03       3.994040658569e-01 
       8.059478318836e-03       4.075764775196e-01 
       8.243463543915e-03       4.157007562644e-01 
       8.427581216114e-03       4.237759244822e-01 
       8.611823823588e-03       4.318014709176e-01 
       8.796184481215e-03       4.397768595637e-01 
       8.980656869941e-03       4.477014698049e-01 
       9.165235183005e-03       4.555752160563e-01 
       9.349914078149e-03       4.633972835217e-01 
       9.534688635068e-03       4.711673485446e-01 
       9.719554317462e-03       4.788853319568e-01 
       9.904506939110e-03       4.865507403156e-01 
       1.008954263351e-02       4.941631061028e-01 
       1.027465782663e-02       5.017228832373e-01 
       1.045984921246e-02       5.092294988664e-01 
       1.064511373097e-02       5.166826368535e-01 
       1.083044854826e-02       5.240823554460e-01 
       1.101585103870e-02       5.314286420512e-01 
       1.120131876865e-02       5.387208169980e-01 
       1.138684948186e-02       5.459599432401e-01 
       1.157244108616e-02       5.531452041946e-01 
       1.175809164138e-02       5.602768053548e-01 
       1.194379934840e-02       5.673546214423e-01 
       1.212956253916e-02       5.743788770024e-01 
       1.231537966756e-02       5.813495040892e-01 
       1.250124930116e-02       5.882665855895e-01 
       1.268717011362e-02       5.951302976449e-01 
       1.287314087774e-02       6.019407356511e-01 
       1.305916045918e-02       6.086978737102e-01 
       1.324522781056e-02       6.154019622229e-01 
       1.343134196625e-02       6.220530778047e-01 
       1.361750203737e-02       6.286513808834e-01 
       1.380370720740e-02       6.351970240899e-01 
       1.398995672801e-02       6.416901869265e-01 
       1.417624991527e-02       6.481310640540e-01 
       1.436258614617e-02       6.545197340574e-01 
       1.454896485541e-02       6.608564777317e-01 
       1.473538553244e-02       6.671414566113e-01 
       1.492184771874e-02       6.733748795346e-01 
       1.510835100528e-02       6.795569596085e-01 
       1.529489503023e-02       6.856879213921e-01 
       1.548147947682e-02       6.917678912194e-01 
       1.566810407133e-02       6.977971106251e-01 
       1.585476858133e-02       7.037758193206e-01 
       1.604147281394e-02       7.097042817002e-01 
       1.622821661434e-02       7.155826082793e-01 
       1.641499986427e-02       7.214112341133e-01 
       1.660182248078e-02       7.271899757009e-01 
       1.678868441499e-02       7.329194665442e-01 
       1.697558565096e-02       7.385997775256e-01 
       1.716252620469e-02       7.442310813757e-01 
       1.734950612314e-02       7.498136117666e-01 
       1.753652548340e-02       7.553476993928e-01 
       1.772358439187e-02       7.608334842446e-01 
       1.791068298355e-02       7.662712350645e-01 
       1.809782142137e-02       7.716611160480e-01 
       1.828499989557e-02       7.770034065738e-01 
       1.847221862319e-02       7.822983137125e-01 
       1.865947784753e-02       7.875460598589e-01 
       1.884677783776e-02       7.927467859484e-01 
       1.903411888845e-02       7.979008795990e-01 
       1.922150131928e-02       8.030083869328e-01 
       1.940892547469e-02       8.080696146696e-01 
       1.959639172361e-02       8.130848637864e-01 
       1.978390045924e-02       8.180542147252e-01 
       1.997145209882e-02       8.229778805966e-01 
       2.015904708348e-02       8.278561632112e-01 
       2.034668587813e-02       8.326892632647e-01 
       2.053436897130e-02       8.374773131012e-01 
       2.072209687510e-02       8.422207135356e-01 
       2.090987012518e-02       8.469194286678e-01 
       2.109768928070e-02       8.515738141105e-01 
       2.128555492432e-02       8.561841078645e-01 
       2.147346766226e-02       8.607503992808e-01 
       2.166142812435e-02       8.652730268385e-01 
       2.184943696410e-02       8.697522065613e-01 
       2.203749485881e-02       8.741881451138e-01 
       2.222560250969e-02       8.785808076455e-01 
       2.241376064204e-02       8.829306748966e-01 
       2.260197000538e-02       8.872379243086e-01 
       2.279023137363e-02       8.915027526593e-01 
       2.297854554540e-02       8.957252108271e-01 
       2.316691334411e-02       8.999056608786e-01 
       2.335533561834e-02       9.040444631380e-01 
       2.354381324205e-02       9.081415770571e-01 
       2.373234711485e-02       9.121972089088e-01 
       2.392093816238e-02       9.162117175478e-01 
       2.410958733657e-02       9.201853260599e-01 
       2.429829561603e-02       9.241181588473e-01 
       2.448706400638e-02       9.280103411844e-01 
       2.467589354069e-02       9.318621940765e-01 
       2.486478527981e-02       9.356740706606e-01 
       2.505374031285e-02       9.394458155354e-01 
       2.524275975763e-02       9.431780102457e-01 
       2.543184476109e-02       9.468708361655e-01 
       2.562099649979e-02       9.505242612332e-01 
       2.581021618045e-02       9.541386205107e-01 
       2.599950504041e-02       9.577142107667e-01 
       2.618886434820e-02       9.612512714226e-01 
       2.637829540411e-02       9.647498075798e-01 
       2.656779954074e-02       9.682102025275e-01 
       2.675737812361e-02       9.716326142721e-01 
       2.694703255181e-02       9.750175549237e-01 
       2.713676425859e-02       9.783648568294e-01 
       2.732657471207e-02       9.816744677540e-01 
       2.751646541589e-02       9.849475593899e-01 
       2.770643790995e-02       9.881834770970e-01 
       2.789649377109e-02       9.913827586836e-01 
       2.808663461392e-02       9.945456215441e-01 
       2.827686209153e-02       9.976722053386e-01 
       2.846717789631e-02       1.000763147594e+00 
       2.865758376079e-02       1.003818258553e+00 
       2.884808145850e-02       1.006837491809e+00 
       2.903867280479e-02       1.009821721992e+00 
       2.922935965782e-02       1.012770730806e+00 
       2.942014391941e-02       1.015684678031e+00 
       2.961102753606e-02       1.018564706299e+00 
       2.980201249989e-02       1.021409819203e+00 
       2.999310084972e-02       1.024220612422e+00 
       3.018429467204e-02       1.026997563935e+00 
       3.037559610215e-02       1.029741224044e+00 
       3.056700732526e-02       1.032451050167e+00 
       3.075853057759e-02       1.035127323347e+00 
       3.095016814763e-02       1.037770392167e+00 
       3.114192237726e-02       1.040381161210e+00 
       3.133379566310e-02       1.042958604717e+00 
       3.152579045769e-02       1.045504315119e+00 
       3.171790927089e-02       1.048017042031e+00 
       3.191015467124e-02       1.050498219538e+00 
       3.210252928731e-02       1.052947888811e+00 
       3.229503580922e-02       1.055365651733e+00 
       3.248767699006e-02       1.057752106215e+00 
       3.268045564748e-02       1.060107287514e+00 
       3.287337466526e-02       1.062431936573e+00 
       3.306643699489e-02       1.064726152542e+00 
       3.325964565732e-02       1.066989718948e+00 
       3.345300374465e-02       1.069222620714e+00 
       3.364651442192e-02       1.071425553507e+00 
       3.384018092893e-02       1.073598559441e+00 
       3.403400658216e-02       1.075742088729e+00 
       3.422799477671e-02       1.077856812861e+00 
       3.442214898831e-02       1.079941138221e+00 
       3.461647277541e-02       1.081997709539e+00 
       3.481096978127e-02       1.084024938495e+00 
       3.500564373625e-02       1.086023736057e+00 
       3.520049846001e-02       1.087994234466e+00 
       3.539553786389e-02       1.089936420506e+00 
       3.559076595335e-02       1.091851199509e+00 
       3.578618683044e-02       1.093737880327e+00 
       3.598180469641e-02       1.095596777096e+00 
       3.617762385436e-02       1.097428795168e+00 
       3.637364871198e-02       1.099233879575e+00 
       3.656988378444e-02       1.101012292596e+00 
       3.676633369728e-02       1.102762927406e+00 
       3.696300318946e-02       1.104487686986e+00 
       3.715989711651e-02       1.106186041583e+00 
       3.735702045376e-02       1.107858452270e+00 
       3.755437829968e-02       1.109505511431e+00 
       3.775197587937e-02       1.111125770837e+00 
       3.794981854812e-02       1.112721395072e+00 
       3.814791179515e-02       1.114291470590e+00 
       3.834626124739e-02       1.115837142179e+00 
       3.854487267351e-02       1.117356713477e+00 
       3.874375198798e-02       1.118852175263e+00 
       3.894290525538e-02       1.120323113215e+00 
       3.914233869475e-02       1.121769344687e+00 
       3.934205868417e-02       1.123193128382e+00 
       3.954207176552e-02       1.124591348143e+00 
       3.974238464934e-02       1.125965814806e+00 
       3.994300421995e-02       1.127317223818e+00 
       4.014393754068e-02       1.128645287057e+00 
       4.034519185935e-02       1.129950179591e+00 
       4.054677461396e-02       1.131232970699e+00 
       4.074869343854e-02       1.132490956763e+00 
       4.095095616927e-02       1.133727748780e+00 
       4.115357085083e-02       1.134941787897e+00 
       4.135654574298e-02       1.136133072312e+00 
       4.155988932739e-02       1.137303408694e+00 
       4.176361031476e-02       1.138450974049e+00 
       4.196771765223e-02       1.139576934228e+00 
       4.217222053103e-02       1.140681844753e+00 
       4.237712839448e-02       1.141765094674e+00 
       4.258245094636e-02       1.142826929570e+00 
       4.278819815948e-02       1.143867654737e+00 
       4.299438028478e-02       1.144887724812e+00 
       4.320100786066e-02       1.145887503834e+00 
       4.340809172279e-02       1.146866564781e+00 
       4.361564301429e-02       1.147824464927e+00 
       4.382367319636e-02       1.148762212650e+00 
       4.403219405939e-02       1.149680281256e+00 
       4.424121773448e-02       1.150579209356e+00 
       4.445075670553e-02       1.151458592466e+00 
       4.466082382188e-02       1.152316723087e+00 
       4.487143231139e-02       1.153156295766e+00 
       4.508259579428e-02       1.153977233567e+00 
       4.529432829743e-02       1.154778357912e+00 
       4.550664426949e-02       1.155560588920e+00 
       4.571955859653e-02       1.156324363897e+00 
       4.593308661855e-02       1.157069387882e+00 
       4.614724414668e-02       1.157795483951e+00 
       4.636204748126e-02       1.158502934173e+00 
       4.657751343074e-02       1.159191758356e+00 
       4.679365933148e-02       1.159864044676e+00 
       4.701050306859e-02       1.160517268216e+00 
       4.722806309773e-02       1.161152775870e+00 
       4.744635846799e-02       1.161771851280e+00 
       4.766540884602e-02       1.162370534927e+00 
       4.788523454123e-02       1.162953559398e+00 
       4.810585653243e-02       1.163519661727e+00 
       4.832729649576e-02       1.164066296279e+00 
       4.854957683409e-02       1.164598259351e+00 
       4.877272070805e-02       1.165111895047e+00 
       4.899675206863e-02       1.165608564102e+00 
       4.922169569156e-02       1.166088973876e+00 
       4.944757721365e-02       1.166552420548e+00 
       4.967442317100e-02       1.166998979963e+00 
       4.990226103949e-02       1.167429354161e+00 
       5.013111927740e-02       1.167842409696e+00 
       5.036102737065e-02       1.168240685670e+00 
       5.059201588046e-02       1.168621194695e+00 
       5.082411649392e-02       1.168985894069e+00 
       5.105736207752e-02       1.169334837924e+00 
       5.129178673385e-02       1.169667938461e+00 
       5.152742586178e-02       1.169984358536e+00 
       5.176431622023e-02       1.170284130911e+00 
       5.200249599604e-02       1.170569893878e+00 
       5.224200487593e-02       1.170838702612e+00 
       5.248288412313e-02       1.171091917427e+00 
       5.272517665892e-02       1.171329115943e+00 
       5.296892714946e-02       1.171551518544e+00 
       5.321418209832e-02       1.171756243168e+00 
       5.346098994524e-02       1.171947996004e+00 
       5.370940117154e-02       1.172122559212e+00 
       5.395946841271e-02       1.172281100425e+00 
       5.421124657892e-02       1.172424871143e+00 
       5.446479298391e-02       1.172553210847e+00 
       5.472016748314e-02       1.172665901389e+00 
       5.497743262187e-02       1.172762384778e+00 
       5.523665379420e-02       1.172843479852e+00 
       5.549789941383e-02       1.172908218988e+00 
       5.576124109779e-02       1.172957656024e+00 
       5.602675386419e-02       1.172991299657e+00 
       5.629451634538e-02       1.173009521511e+00 
       5.656461101789e-02       1.173010523860e+00 
       5.683712445078e-02       1.172996561728e+00 
       5.711214757425e-02       1.172966185560e+00 
       5.738977597034e-02       1.172918460627e+00 
       5.767011018812e-02       1.172855430019e+00 
       5.795325608566e-02       1.172775318822e+00 
       5.823932520173e-02       1.172679672504e+00 
       5.852843516021e-02       1.172565866100e+00 
       5.882071011069e-02       1.172436168942e+00 
       5.911628120929e-02       1.172287481220e+00 
       5.941528714402e-02       1.172122726658e+00 
       5.971787470977e-02       1.171939385332e+00 
       6.002419943840e-02       1.171738027075e+00 
       6.033442629061e-02       1.171518959722e+00 
       6.064873041667e-02       1.171279010123e+00 
       6.096729799430e-02       1.171022371771e+00 
       6.129032715337e-02       1.170745071084e+00 
       6.161802899804e-02       1.170446989548e+00 
       6.195062873882e-02       1.170130022953e+00 
       6.228836694899e-02       1.169791642994e+00 
       6.263150096156e-02       1.169431989107e+00 
       6.298030642614e-02       1.169049117552e+00 
       6.333507904750e-02       1.168644250392e+00 
       6.369613653157e-02       1.168214178810e+00 
       6.406382076883e-02       1.167761817343e+00 
       6.443850028988e-02       1.167282912547e+00 
       6.482057303426e-02       1.166778409557e+00 
       6.521046948067e-02       1.166245078109e+00 
       6.560865619553e-02       1.165684403433e+00 
       6.601563986728e-02       1.165095390638e+00 
       6.643197190642e-02       1.164472582538e+00 
       6.685825370716e-02       1.163818498565e+00 
       6.729514268480e-02       1.163129070302e+00 
       6.774335922685e-02       1.162402165181e+00 
       6.820369472379e-02       1.161640319173e+00 
       6.867702088105e-02       1.160832675033e+00 
       6.916430055722e-02       1.159983161862e+00 
       6.966660042829e-02       1.159087032830e+00 
       7.018510584571e-02       1.158143319180e+00 
       7.072113834205e-02       1.157142215804e+00 
       7.127617634594e-02       1.156084441953e+00 
       7.185187980511e-02       1.154963810426e+00 
       7.245011959009e-02       1.153774479013e+00 
       7.307301277248e-02       1.152511045301e+00 
       7.372296515385e-02       1.151164763050e+00 
       7.440272278064e-02       1.149727086901e+00 
       7.511543463797e-02       1.148188995782e+00 
       7.586472929332e-02       1.146538846702e+00 
       7.665480898401e-02       1.144761505572e+00 
       7.749056553004e-02       1.142841099859e+00 
       7.837772350447e-02       1.140759544872e+00 
       7.932301725998e-02       1.138491111094e+00 
       8.033440953427e-02       1.136008724839e+00 
       8.142136005142e-02       1.133274457005e+00 
       8.259515195529e-02       1.130248256415e+00 
       8.386928031984e-02       1.126873025396e+00 
       8.525989700772e-02       1.123091830069e+00 
       8.678628360425e-02       1.118806587071e+00 
       8.847127856040e-02       1.113904006422e+00 
       9.034150072002e-02       1.108255659584e+00 
       9.242707360863e-02       1.101691473249e+00 
       9.476036844603e-02       1.094008158181e+00 
       9.737312969431e-02       1.084970017408e+00 
       1.002914701215e-01       1.074327113397e+00 
       1.035290409814e-01       1.061854525695e+00 
       1.070803914216e-01       1.047401877208e+00 
       1.109181600952e-01       1.030961167052e+00 
       1.149970046128e-01       1.012695090128e+00 
       1.192632136017e-01       9.929328972479e-01 
       1.236651485364e-01       9.721125493621e-01 
       1.281600201997e-01       9.507182573771e-01 
       1.327159431157e-01       9.292162875159e-01 
       1.373108376800e-01       9.080126592218e-01 
       1.419301435621e-01       8.874232030330e-01 
       1.465645572513e-01       8.676628652870e-01 
       1.512082514273e-01       8.488450170680e-01 
       1.558576210254e-01       8.309866790147e-01 
       1.605104526700e-01       8.140243055719e-01 
       1.651653936864e-01       7.978331272975e-01 
       1.698216196753e-01       7.822513563579e-01 
       1.744786289903e-01       7.670993791321e-01 
       1.791361166268e-01       7.522051937922e-01 
       1.837938971896e-01       7.374210098835e-01 
       1.884518579683e-01       7.226389558519e-01 
       1.931099303997e-01       7.077990362165e-01 
       1.977680727292e-01       6.928916491397e-01 
       2.024262594827e-01       6.779540266826e-01 
       2.070844750757e-01       6.630604596790e-01 
       2.117427099341e-01       6.483098067572e-01 
       2.164009581397e-01       6.338145927344e-01 
       2.210592160009e-01       6.196848344048e-01 
       2.257174811849e-01       6.060177560300e-01 
       2.303757521903e-01       5.928874584509e-01 
       2.350340280266e-01       5.803427042561e-01 
       2.396923080196e-01       5.683996706460e-01 
       2.443505916916e-01       5.570357257654e-01 
       2.490088786900e-01       5.462101113987e-01 
       2.536671687418e-01       5.358604033777e-01 
       2.583254616270e-01       5.259084454176e-01 
       2.629837571611e-01       5.162736309519e-01 
       2.676420551848e-01       5.068729610869e-01 
       2.723003555573e-01       4.976398732152e-01 
       2.769586581517e-01       4.885354418287e-01 
       2.816169628525e-01       4.795061224115e-01 
       2.862752695532e-01       4.705308854604e-01 
       2.909335781553e-01       4.616066693307e-01 
       2.955918885674e-01       4.527550548811e-01 
       3.002502007038e-01       4.440045422022e-01 
       3.049085144847e-01       4.353961804045e-01 
       3.095668298348e-01       4.269741851733e-01 
       3.142251466839e-01       4.187784502863e-01 
       3.188834649657e-01       4.108403469667e-01 
       3.235417846178e-01       4.031800110364e-01 
       3.282001055814e-01       3.958042532640e-01 
       3.328584278010e-01       3.887098923724e-01 
       3.375167512243e-01       3.818841271913e-01 
       3.421750758017e-01       3.753072334107e-01 
       3.468334014865e-01       3.689545171274e-01 
       3.514917282343e-01       3.627974318067e-01 
       3.561500560032e-01       3.568058051411e-01 
       3.608083847533e-01       3.509502683822e-01 
       3.654667144469e-01       3.452035145959e-01 
       3.701250450481e-01       3.395449642800e-01 
       3.747833765229e-01       3.339601870112e-01 
       3.794417088389e-01       3.284425909242e-01 
       3.841000419653e-01       3.229926296065e-01 
       3.887583758729e-01       3.176160157380e-01 
       3.934167105336e-01       3.123219227125e-01 
       3.980750459209e-01       3.071211091353e-01 
       4.027333820095e-01       3.020254947678e-01 
       4.073917187751e-01       2.970452690275e-01 
       4.120500561947e-01       2.921898152827e-01 
       4.167083942462e-01       2.874663993027e-01 
       4.213667329086e-01       2.828794222960e-01 
       4.260250721616e-01       2.784284913246e-01 
       4.306834119860e-01       2.741106802244e-01 
       4.353417523635e-01       2.699184079300e-01 
       4.400000932762e-01       2.658407690293e-01 
       4.446584347073e-01       2.618661961811e-01 
       4.493167766407e-01       2.579821982857e-01 
       4.539751190607e-01       2.541778497333e-01 
       4.586334619525e-01       2.504437899221e-01 
       4.632918053017e-01       2.467730258945e-01 
       4.679501490947e-01       2.431601219378e-01 
       4.726084933182e-01       2.396021160741e-01 
       4.772668379596e-01       2.360971986197e-01 
       4.819251830066e-01       2.326457363378e-01 
       4.865835284477e-01       2.292493775840e-01 
       4.912418742715e-01       2.259112127249e-01 
       4.959002204672e-01       2.226351435138e-01 
       5.005585670243e-01       2.194248845429e-01 
       5.052169139329e-01       2.162834410522e-01 
       5.098752611832e-01       2.132127595264e-01 
       5.145336087659e-01       2.102130313537e-01 
       5.191919566721e-01       2.072831328260e-01 
       5.238503048930e-01       2.044209957717e-01 
       5.285086534203e-01       2.016235636690e-01 
       5.331670022460e-01       1.988883474344e-01 
       5.378253513622e-01       1.962110405751e-01 
       5.424837007614e-01       1.935881210132e-01 
       5.471420504365e-01       1.910157164355e-01 
       5.518004003803e-01       1.884897916353e-01 
       5.564587505860e-01       1.860069719316e-01 
       5.611171010472e-01       1.835642413087e-01 
       5.657754517575e-01       1.811598504316e-01 
       5.704338027108e-01       1.787929145059e-01 
       5.750921539011e-01       1.764633528018e-01 
       5.797505053227e-01       1.741716340330e-01 
       5.844088569701e-01       1.719186336053e-01 
       5.890672088378e-01       1.697046388452e-01 
       5.937255609207e-01       1.675301238374e-01 
       5.983839132137e-01       1.653951534905e-01 
       6.030422657120e-01       1.633000997145e-01 
       6.077006184108e-01       1.612447031423e-01 
       6.123589713054e-01       1.592287977566e-01 
       6.170173243915e-01       1.572517117206e-01 
       6.216756776648e-01       1.553127701638e-01 
       6.263340311210e-01       1.534102550742e-01 
       6.309923847560e-01       1.515425865947e-01 
       6.356507385660e-01       1.497078832266e-01 
       6.403090925471e-01       1.479044772390e-01 
       6.449674466955e-01       1.461310896299e-01 
       6.496258010077e-01       1.443866120008e-01 
       6.542841554801e-01       1.426702295063e-01 
       6.589425101094e-01       1.409812024696e-01 
       6.636008648922e-01       1.393187492832e-01 
       6.682592198254e-01       1.376823678128e-01 
       6.729175749057e-01       1.360711747640e-01 
       6.775759301301e-01       1.344850707620e-01 
       6.822342854956e-01       1.329241516917e-01 
       6.868926409995e-01       1.313877361765e-01 
       6.915509966388e-01       1.298762437977e-01 
       6.962093524109e-01       1.283896143960e-01 
       7.008677083131e-01       1.269275659379e-01 
       7.055260643427e-01       1.254898273344e-01 
       7.101844204974e-01       1.240757316673e-01 
       7.148427767746e-01       1.226847303822e-01 
       7.195011331720e-01       1.213162914132e-01 
       7.241594896871e-01       1.199700118544e-01 
       7.288178463179e-01       1.186454928548e-01 
       7.334762030620e-01       1.173421256391e-01 
       7.381345599173e-01       1.160592528143e-01 
       7.427929168816e-01       1.147961060526e-01 
       7.474512739531e-01       1.135521562161e-01 
       7.521096311296e-01       1.123266035729e-01 
       7.567679884092e-01       1.111189146993e-01 
       7.614263457900e-01       1.099287778575e-01 
       7.660847032701e-01       1.087559827076e-01 
       7.707430608479e-01       1.076003125474e-01 
       7.754014185214e-01       1.064616915003e-01 
       7.800597762890e-01       1.053398502280e-01 
       7.847181341489e-01       1.042345017287e-01 
       7.893764920996e-01       1.031453089250e-01 
       7.940348501395e-01       1.020721296153e-01 
       7.986932082669e-01       1.010147197301e-01 
       8.033515664804e-01       9.997301944074e-02 
       8.080099247785e-01       9.894686756873e-02 
       8.126682831597e-01       9.793598518875e-02 
       8.173266416225e-01       9.694010639574e-02 
       8.219850001656e-01       9.595866639605e-02 
       8.266433587877e-01       9.499125269281e-02 
       8.313017174873e-01       9.403748566664e-02 
       8.359600762633e-01       9.309706882009e-02 
       8.406184351142e-01       9.216979283876e-02 
       8.452767940389e-01       9.125523242951e-02 
       8.499351530362e-01       9.035387144651e-02 
       8.545935121049e-01       8.946472421966e-02 
       8.592518712438e-01       8.858773313257e-02 
       8.639102304517e-01       8.772270187535e-02 
       8.685685897276e-01       8.686930429361e-02 
       8.732269490704e-01       8.602741197632e-02 
       8.778853084789e-01       8.519690109244e-02 
       8.825436679522e-01       8.437770418131e-02 
       8.872020274892e-01       8.356973812891e-02 
       8.918603870890e-01       8.277271909219e-02 
       8.965187467505e-01       8.198653761799e-02 
       9.011771064728e-01       8.121088000391e-02 
       9.058354662549e-01       8.044550991732e-02 
       9.104938260960e-01       7.969023134363e-02 
       9.151521859951e-01       7.894498109930e-02 
       9.198105459513e-01       7.820958287739e-02 
       9.244689059638e-01       7.748394003762e-02 
       9.291272660318e-01       7.676784880417e-02 
       9.337856261543e-01       7.606119614365e-02 
       9.384439863306e-01       7.536353760032e-02 
       9.431023465599e-01       7.467488684621e-02 
       9.477607068414e-01       7.399484705585e-02 
       9.524190671743e-01       7.332348108051e-02 
       9.570774275579e-01       7.266064425632e-02 
       9.617357879914e-01       7.200625735902e-02 
       9.663941484742e-01       7.136024481466e-02 
       9.710525090054e-01       7.072236356570e-02 
       9.757108695845e-01       7.009245410174e-02 
       9.803692302106e-01       6.947039046043e-02 
       9.850275908833e-01       6.885596669055e-02 
       9.896859516017e-01       6.824914075017e-02 
       9.943443123653e-01       6.764990032186e-02 
       9.990026731734e-01       6.705810400929e-02 
       1.003661034025e+00       6.647367797640e-02 
       1.008319394921e+00       6.589644062797e-02 
       1.012977755859e+00       6.532630834477e-02 
       1.017636116839e+00       6.476305842900e-02 
       1.022294477860e+00       6.420658344824e-02 
       1.026952838923e+00       6.365674877504e-02 
       1.031611200026e+00       6.311355082064e-02 
       1.036269561169e+00       6.257691275774e-02 
       1.040927922351e+00       6.204673782161e-02 
       1.045586283572e+00       6.152290989514e-02 
       1.050244644831e+00       6.100528520555e-02 
       1.054903006128e+00       6.049373700167e-02 
       1.059561367462e+00       5.998814614187e-02 
       1.064219728833e+00       5.948845440561e-02 
       1.068878090241e+00       5.899457707516e-02 
       1.073536451684e+00       5.850655255658e-02 
       1.078194813162e+00       5.802418745686e-02 
       1.082853174676e+00       5.754751005870e-02 
       1.087511536224e+00       5.707630701479e-02 
       1.092169897805e+00       5.661053029447e-02 
       1.096828259421e+00       5.615001375684e-02 
       1.101486621069e+00       5.569477774696e-02 
       1.106144982751e+00       5.524468977324e-02 
       1.110803344464e+00       5.479979758584e-02 
       1.115461706210e+00       5.435988279948e-02 
       1.120120067987e+00       5.392508408863e-02 
       1.124778429795e+00       5.349511510004e-02 
       1.129436791634e+00       5.307001372192e-02 
       1.134095153503e+00       5.264957917251e-02 
       1.138753515403e+00       5.223362416798e-02 
       1.143411877331e+00       5.182257427775e-02 
       1.148070239289e+00       5.141593853393e-02 
       1.152728601276e+00       5.101381841819e-02 
       1.157386963292e+00       5.061608345509e-02 
       1.162045325336e+00       5.022289233679e-02 
       1.166703687407e+00       4.983395709284e-02 
       1.171362049506e+00       4.944915415596e-02 
       1.176020411633e+00       4.906847318840e-02 
       1.180678773786e+00       4.869186621605e-02 
       1.185337135966e+00       4.831935978935e-02 
       1.189995498172e+00       4.795091970928e-02 
       1.194653860404e+00       4.758644048571e-02 
       1.199312222661e+00       4.722587340903e-02 
       1.203970584944e+00       4.686910785284e-02 
       1.208628947252e+00       4.651610371765e-02 
       1.213287309585e+00       4.616688240665e-02 
       1.217945671942e+00       4.582121788911e-02 
       1.222604034324e+00       4.547923063204e-02 
       1.227262396729e+00       4.514083435848e-02 
       1.231920759158e+00       4.480602347864e-02 
       1.236579121611e+00       4.447473403293e-02 
       1.241237484086e+00       4.414687204857e-02 
       1.413324150649e+00       3.407995537160e-02 
       1.691983071954e+00       2.357077685007e-02 
       2.111161397190e+00       1.476046218463e-02 
       2.656935357976e+00       8.938564252884e-03 
       3.344875162466e+00       5.334086220289e-03 
       4.210948327553e+00       3.143575604127e-03 
       5.301269857306e+00       1.832016387222e-03 
       6.673903338141e+00       1.057013651503e-03 
       8.401946508244e+00       6.043855873045e-04 
       1.057742396776e+01       3.427832835694e-04 
       1.331618782434e+01       1.929860279517e-04 
       1.676408724028e+01       1.079282660404e-04 
       2.110473543233e+01       5.999369382617e-05 
       2.656928774495e+01       3.316443054979e-05 
       3.344875151539e+01       1.824019529260e-05 
       4.210948327551e+01       9.985427352104e-06 
       5.301269857306e+01       5.442985823589e-06 
       6.673903338141e+01       2.955184807130e-06 
       8.401946508244e+01       1.598564617768e-06 
       1.057742396776e+02       8.617415948405e-07 
       1.331618782434e+02       4.630367947571e-07 
       1.676408724028e+02       2.480283742075e-07 
       2.110473543233e+02       1.324603919290e-07 
       2.656928774495e+02       7.052821310820e-08 
       3.344875151539e+02       3.743767055465e-08 
       4.210948327551e+02       1.980684551296e-08 
       5.301269857306e+02       1.044095469263e-08 
       6.673903338141e+02       5.480932783195e-09 
       8.401946508244e+02       2.864035809936e-09 
       1.057742396776e+03       1.489575201624e-09 
