# Matter power spectrum P(k) at redshift z=1000
# for k=1.7181e-05 to 1057.74 h/Mpc,
# number of wavenumbers equal to 650
#    1:k (h/Mpc)              2:P (Mpc/h)^3        
       1.718100895971e-05       9.178668187203e-06 
       3.587933862447e-05       1.863765930793e-05 
       5.472719772997e-05       2.797461947502e-05 
       7.383178624447e-05       3.731208449928e-05 
       9.330421138831e-05       4.673407863957e-05 
       1.132615652384e-04       5.631280102738e-05 
       1.338291408165e-04       6.611709386352e-05 
       1.551428425287e-04       7.621647156827e-05 
       1.773518457215e-04       8.668391005998e-05 
       2.006215568155e-04       9.759770970345e-05 
       2.251369175871e-04       1.090436348618e-04 
       2.511060810926e-04       1.211164816671e-04 
       2.787644571579e-04       1.339224474749e-04 
       3.083790747776e-04       1.475805809558e-04 
       3.402531270947e-04       1.622247343239e-04 
       3.747304394790e-04       1.780060283178e-04 
       4.121994196236e-04       1.950939394199e-04 
       4.530958016084e-04       2.136772262582e-04 
       4.979031882427e-04       2.339640821737e-04 
       5.471500622805e-04       2.561803414654e-04 
       6.014016642277e-04       2.805656082552e-04 
       6.612450824238e-04       3.073663707788e-04 
       7.272663011032e-04       3.368255385377e-04 
       8.000190466360e-04       3.691688226073e-04 
       8.799871642059e-04       4.045883798924e-04 
       9.675446907352e-04       4.432258503818e-04 
       1.062919996449e-03       4.851576161104e-04 
       1.166171213428e-03       5.303852468240e-04 
       1.277178734592e-03       5.788334534256e-04 
       1.395656892399e-03       6.303566280299e-04 
       1.521182297352e-03       6.847520547048e-04 
       1.653232635093e-03       7.417775245968e-04 
       1.791228356804e-03       8.011696625885e-04 
       1.934570742717e-03       8.626602565860e-04 
       2.082672291894e-03       9.259891878552e-04 
       2.234978040646e-03       9.909219542441e-04 
       2.390978390810e-03       1.057835662811e-03 
       2.550215084249e-03       1.125737451254e-03 
       2.712282248797e-03       1.194521260104e-03 
       2.876824264459e-03       1.264076774026e-03 
       3.043531825090e-03       1.334298363653e-03 
       3.212137171994e-03       1.405089124045e-03 
       3.382409135563e-03       1.476361981891e-03 
       3.554148364277e-03       1.548040080322e-03 
       3.727182942406e-03       1.620056225796e-03 
       3.901364482579e-03       1.692351220131e-03 
       4.076564709624e-03       1.764873877069e-03 
       4.252672513007e-03       1.837579341651e-03 
       4.429591425793e-03       1.910428444781e-03 
       4.607237480580e-03       1.983386960947e-03 
       4.785537392305e-03       2.056424818280e-03 
       4.964427020835e-03       2.129515552505e-03 
       5.143850071066e-03       2.202635670282e-03 
       5.323756993482e-03       2.275764566401e-03 
       5.504104053389e-03       2.348883739221e-03 
       5.684852541755e-03       2.421976614485e-03 
       5.865968104924e-03       2.495028343585e-03 
       6.047420174062e-03       2.568025737955e-03 
       6.229181478418e-03       2.640956230289e-03 
       6.411227629051e-03       2.713809956703e-03 
       6.593536761938e-03       2.786575776321e-03 
       6.776089231211e-03       2.859244869968e-03 
       6.958867344787e-03       2.931808847693e-03 
       7.141855135947e-03       3.004259528002e-03 
       7.325038165467e-03       3.076591083578e-03 
       7.508403349770e-03       3.148795134001e-03 
       7.691938811311e-03       3.220866084515e-03 
       7.875633747978e-03       3.292797818615e-03 
       8.059478318836e-03       3.364584582809e-03 
       8.243463543915e-03       3.436222919192e-03 
       8.427581216114e-03       3.507705831022e-03 
       8.611823823588e-03       3.579029167882e-03 
       8.796184481215e-03       3.650188689918e-03 
       8.980656869941e-03       3.721179430441e-03 
       9.165235183005e-03       3.792000171691e-03 
       9.349914078149e-03       3.862643912062e-03 
       9.534688635068e-03       3.933107314656e-03 
       9.719554317462e-03       4.003387945829e-03 
       9.904506939110e-03       4.073481291533e-03 
       1.008954263351e-02       4.143382529065e-03 
       1.027465782663e-02       4.213092854965e-03 
       1.045984921246e-02       4.282606527546e-03 
       1.064511373097e-02       4.351919255203e-03 
       1.083044854826e-02       4.421029237370e-03 
       1.101585103870e-02       4.489934285578e-03 
       1.120131876865e-02       4.558627654655e-03 
       1.138684948186e-02       4.627113847788e-03 
       1.157244108616e-02       4.695384713059e-03 
       1.175809164138e-02       4.763439088652e-03 
       1.194379934840e-02       4.831273536473e-03 
       1.212956253916e-02       4.898886485234e-03 
       1.231537966756e-02       4.966275169267e-03 
       1.250124930116e-02       5.033437201899e-03 
       1.268717011362e-02       5.100370457631e-03 
       1.287314087774e-02       5.167072709935e-03 
       1.305916045918e-02       5.233540750416e-03 
       1.324522781056e-02       5.299773893890e-03 
       1.343134196625e-02       5.365769371468e-03 
       1.361750203737e-02       5.431521491368e-03 
       1.380370720740e-02       5.497033754530e-03 
       1.398995672801e-02       5.562301736114e-03 
       1.417624991527e-02       5.627321950461e-03 
       1.436258614617e-02       5.692095202221e-03 
       1.454896485541e-02       5.756615269283e-03 
       1.473538553244e-02       5.820887769771e-03 
       1.492184771874e-02       5.884902247680e-03 
       1.510835100528e-02       5.948663094911e-03 
       1.529489503023e-02       6.012162070333e-03 
       1.548147947682e-02       6.075403676249e-03 
       1.566810407133e-02       6.138384448304e-03 
       1.585476858133e-02       6.201101430204e-03 
       1.604147281394e-02       6.263553576725e-03 
       1.622821661434e-02       6.325738853643e-03 
       1.641499986427e-02       6.387654223756e-03 
       1.660182248078e-02       6.449300929322e-03 
       1.678868441499e-02       6.510677254145e-03 
       1.697558565096e-02       6.571778986791e-03 
       1.716252620469e-02       6.632605664406e-03 
       1.734950612314e-02       6.693158675028e-03 
       1.753652548340e-02       6.753432783189e-03 
       1.772358439187e-02       6.813427445130e-03 
       1.791068298355e-02       6.873140742787e-03 
       1.809782142137e-02       6.932573990218e-03 
       1.828499989557e-02       6.991723521967e-03 
       1.847221862319e-02       7.050588406859e-03 
       1.865947784753e-02       7.109167673369e-03 
       1.884677783776e-02       7.167460184812e-03 
       1.903411888845e-02       7.225463879613e-03 
       1.922150131928e-02       7.283178626337e-03 
       1.940892547469e-02       7.340602453069e-03 
       1.959639172361e-02       7.397734269453e-03 
       1.978390045924e-02       7.454573356742e-03 
       1.997145209882e-02       7.511118983398e-03 
       2.015904708348e-02       7.567369655235e-03 
       2.034668587813e-02       7.623323841480e-03 
       2.053436897130e-02       7.678981067499e-03 
       2.072209687510e-02       7.734339938318e-03 
       2.090987012518e-02       7.789400654423e-03 
       2.109768928070e-02       7.844161741131e-03 
       2.128555492432e-02       7.898620931164e-03 
       2.147346766226e-02       7.952779096468e-03 
       2.166142812435e-02       8.006635832506e-03 
       2.184943696410e-02       8.060186898832e-03 
       2.203749485881e-02       8.113435024831e-03 
       2.222560250969e-02       8.166378936107e-03 
       2.241376064204e-02       8.219016236590e-03 
       2.260197000538e-02       8.271349158233e-03 
       2.279023137363e-02       8.323374445014e-03 
       2.297854554540e-02       8.375092275104e-03 
       2.316691334411e-02       8.426501900403e-03 
       2.335533561834e-02       8.477603503246e-03 
       2.354381324205e-02       8.528395300360e-03 
       2.373234711485e-02       8.578877936737e-03 
       2.392093816238e-02       8.629049856026e-03 
       2.410958733657e-02       8.678911275697e-03 
       2.429829561603e-02       8.728461439924e-03 
       2.448706400638e-02       8.777699904302e-03 
       2.467589354069e-02       8.826626893688e-03 
       2.486478527981e-02       8.875241328271e-03 
       2.505374031285e-02       8.923543960000e-03 
       2.524275975763e-02       8.971533246237e-03 
       2.543184476109e-02       9.019209216184e-03 
       2.562099649979e-02       9.066571808487e-03 
       2.581021618045e-02       9.113621229952e-03 
       2.599950504041e-02       9.160355782687e-03 
       2.618886434820e-02       9.206776627670e-03 
       2.637829540411e-02       9.252883481986e-03 
       2.656779954074e-02       9.298676359775e-03 
       2.675737812361e-02       9.344157034461e-03 
       2.694703255181e-02       9.389318368721e-03 
       2.713676425859e-02       9.434168589690e-03 
       2.732657471207e-02       9.478702175309e-03 
       2.751646541589e-02       9.522921874920e-03 
       2.770643790995e-02       9.566826968263e-03 
       2.789649377109e-02       9.610417620078e-03 
       2.808663461392e-02       9.653694033608e-03 
       2.827686209153e-02       9.696655936006e-03 
       2.846717789631e-02       9.739303636639e-03 
       2.865758376079e-02       9.781637542500e-03 
       2.884808145850e-02       9.823657362425e-03 
       2.903867280479e-02       9.865363341303e-03 
       2.922935965782e-02       9.906755828905e-03 
       2.942014391941e-02       9.947834872861e-03 
       2.961102753606e-02       9.988601002090e-03 
       2.980201249989e-02       1.002905437477e-02 
       2.999310084972e-02       1.006919539790e-02 
       3.018429467204e-02       1.010902429620e-02 
       3.037559610215e-02       1.014854139744e-02 
       3.056700732526e-02       1.018774715120e-02 
       3.075853057759e-02       1.022664170883e-02 
       3.095016814763e-02       1.026522555585e-02 
       3.114192237726e-02       1.030349907788e-02 
       3.133379566310e-02       1.034146268436e-02 
       3.152579045769e-02       1.037911697658e-02 
       3.171790927089e-02       1.041646214581e-02 
       3.191015467124e-02       1.045349921316e-02 
       3.210252928731e-02       1.049022848194e-02 
       3.229503580922e-02       1.052665032940e-02 
       3.248767699006e-02       1.056276759455e-02 
       3.268045564748e-02       1.059857451243e-02 
       3.287337466526e-02       1.063407806696e-02 
       3.306643699489e-02       1.066927937363e-02 
       3.325964565732e-02       1.070417154736e-02 
       3.345300374465e-02       1.073876174493e-02 
       3.364651442192e-02       1.077304638522e-02 
       3.384018092893e-02       1.080703306885e-02 
       3.403400658216e-02       1.084071699895e-02 
       3.422799477671e-02       1.087409889830e-02 
       3.442214898831e-02       1.090718266213e-02 
       3.461647277541e-02       1.093996550198e-02 
       3.481096978127e-02       1.097244733335e-02 
       3.500564373625e-02       1.100463375820e-02 
       3.520049846001e-02       1.103652121708e-02 
       3.539553786389e-02       1.106811388904e-02 
       3.559076595335e-02       1.109941226244e-02 
       3.578618683044e-02       1.113041512643e-02 
       3.598180469641e-02       1.116112121182e-02 
       3.617762385436e-02       1.119153766226e-02 
       3.637364871198e-02       1.122166015094e-02 
       3.656988378444e-02       1.125148922062e-02 
       3.676633369728e-02       1.128103228299e-02 
       3.696300318946e-02       1.131028421606e-02 
       3.715989711651e-02       1.133924538046e-02 
       3.735702045376e-02       1.136792167205e-02 
       3.755437829968e-02       1.139631123599e-02 
       3.775197587937e-02       1.142441130564e-02 
       3.794981854812e-02       1.145223016218e-02 
       3.814791179515e-02       1.147976472440e-02 
       3.834626124739e-02       1.150701460633e-02 
       3.854487267351e-02       1.153398258929e-02 
       3.874375198798e-02       1.156066971704e-02 
       3.894290525538e-02       1.158707708279e-02 
       3.914233869475e-02       1.161320509965e-02 
       3.934205868417e-02       1.163905734303e-02 
       3.954207176552e-02       1.166463028908e-02 
       3.974238464934e-02       1.168992427344e-02 
       3.994300421995e-02       1.171494660797e-02 
       4.014393754068e-02       1.173969448204e-02 
       4.034519185935e-02       1.176417053244e-02 
       4.054677461396e-02       1.178837525744e-02 
       4.074869343854e-02       1.181230548590e-02 
       4.095095616927e-02       1.183596527886e-02 
       4.115357085083e-02       1.185936181687e-02 
       4.135654574298e-02       1.188248589733e-02 
       4.155988932739e-02       1.190534455422e-02 
       4.176361031476e-02       1.192793954493e-02 
       4.196771765223e-02       1.195026563208e-02 
       4.217222053103e-02       1.197233107196e-02 
       4.237712839448e-02       1.199413291451e-02 
       4.258245094636e-02       1.201567240777e-02 
       4.278819815948e-02       1.203695236312e-02 
       4.299438028478e-02       1.205797276338e-02 
       4.320100786066e-02       1.207873315329e-02 
       4.340809172279e-02       1.209923920249e-02 
       4.361564301429e-02       1.211948724145e-02 
       4.382367319636e-02       1.213947944302e-02 
       4.403219405939e-02       1.215921692755e-02 
       4.424121773448e-02       1.217870327177e-02 
       4.445075670553e-02       1.219793569908e-02 
       4.466082382188e-02       1.221691600950e-02 
       4.487143231139e-02       1.223564756667e-02 
       4.508259579428e-02       1.225413288269e-02 
       4.529432829743e-02       1.227236481956e-02 
       4.550664426949e-02       1.229035122742e-02 
       4.571955859653e-02       1.230808936978e-02 
       4.593308661855e-02       1.232558713977e-02 
       4.614724414668e-02       1.234283573714e-02 
       4.636204748126e-02       1.235984061837e-02 
       4.657751343074e-02       1.237660017133e-02 
       4.679365933148e-02       1.239312504971e-02 
       4.701050306859e-02       1.240940602095e-02 
       4.722806309773e-02       1.242544834000e-02 
       4.744635846799e-02       1.244125189209e-02 
       4.766540884602e-02       1.245680928690e-02 
       4.788523454123e-02       1.247213937717e-02 
       4.810585653243e-02       1.248722870962e-02 
       4.832729649576e-02       1.250207446696e-02 
       4.854957683409e-02       1.251669967912e-02 
       4.877272070805e-02       1.253108116187e-02 
       4.899675206863e-02       1.254522710134e-02 
       4.922169569156e-02       1.255914360607e-02 
       4.944757721365e-02       1.257282709027e-02 
       4.967442317100e-02       1.258627792346e-02 
       4.990226103949e-02       1.259949778836e-02 
       5.013111927740e-02       1.261248564150e-02 
       5.036102737065e-02       1.262524864223e-02 
       5.059201588046e-02       1.263777359571e-02 
       5.082411649392e-02       1.265006986428e-02 
       5.105736207752e-02       1.266214593213e-02 
       5.129178673385e-02       1.267398638084e-02 
       5.152742586178e-02       1.268559883246e-02 
       5.176431622023e-02       1.269697952939e-02 
       5.200249599604e-02       1.270813974105e-02 
       5.224200487593e-02       1.271906868550e-02 
       5.248288412313e-02       1.272977011136e-02 
       5.272517665892e-02       1.274024354987e-02 
       5.296892714946e-02       1.275049257178e-02 
       5.321418209832e-02       1.276050985256e-02 
       5.346098994524e-02       1.277029896784e-02 
       5.370940117154e-02       1.277986081544e-02 
       5.395946841271e-02       1.278919382074e-02 
       5.421124657892e-02       1.279829934755e-02 
       5.446479298391e-02       1.280717402642e-02 
       5.472016748314e-02       1.281582565454e-02 
       5.497743262187e-02       1.282423952315e-02 
       5.523665379420e-02       1.283242446074e-02 
       5.549789941383e-02       1.284037377302e-02 
       5.576124109779e-02       1.284809266254e-02 
       5.602675386419e-02       1.285557725575e-02 
       5.629451634538e-02       1.286282801165e-02 
       5.656461101789e-02       1.286983725960e-02 
       5.683712445078e-02       1.287661267542e-02 
       5.711214757425e-02       1.288314833032e-02 
       5.738977597034e-02       1.288943222442e-02 
       5.767011018812e-02       1.289548092747e-02 
       5.795325608566e-02       1.290128757596e-02 
       5.823932520173e-02       1.290683998216e-02 
       5.852843516021e-02       1.291213909213e-02 
       5.882071011069e-02       1.291719178996e-02 
       5.911628120929e-02       1.292197933385e-02 
       5.941528714402e-02       1.292650901099e-02 
       5.971787470977e-02       1.293077659731e-02 
       6.002419943840e-02       1.293477020735e-02 
       6.033442629061e-02       1.293850177585e-02 
       6.064873041667e-02       1.294194012780e-02 
       6.096729799430e-02       1.294510802280e-02 
       6.129032715337e-02       1.294798158472e-02 
       6.161802899804e-02       1.295055996589e-02 
       6.195062873882e-02       1.295284215961e-02 
       6.228836694899e-02       1.295482060638e-02 
       6.263150096156e-02       1.295648034875e-02 
       6.298030642614e-02       1.295780494937e-02 
       6.333507904750e-02       1.295880720099e-02 
       6.369613653157e-02       1.295946407016e-02 
       6.406382076883e-02       1.295977022262e-02 
       6.443850028988e-02       1.295970225130e-02 
       6.482057303426e-02       1.295926160769e-02 
       6.521046948067e-02       1.295841625473e-02 
       6.560865619553e-02       1.295717853952e-02 
       6.601563986728e-02       1.295551500175e-02 
       6.643197190642e-02       1.295339445711e-02 
       6.685825370716e-02       1.295082340937e-02 
       6.729514268480e-02       1.294775671601e-02 
       6.774335922685e-02       1.294417446732e-02 
       6.820369472379e-02       1.294006694210e-02 
       6.867702088105e-02       1.293536628107e-02 
       6.916430055722e-02       1.293007202275e-02 
       6.966660042829e-02       1.292413464160e-02 
       7.018510584571e-02       1.291752816645e-02 
       7.072113834205e-02       1.291016126725e-02 
       7.127617634594e-02       1.290201331680e-02 
       7.185187980511e-02       1.289302728937e-02 
       7.245011959009e-02       1.288311228087e-02 
       7.307301277248e-02       1.287221235183e-02 
       7.372296515385e-02       1.286022152871e-02 
       7.440272278064e-02       1.284703443774e-02 
       7.511543463797e-02       1.283253847979e-02 
       7.586472929332e-02       1.281660263040e-02 
       7.665480898401e-02       1.279904500459e-02 
       7.749056553004e-02       1.277968796981e-02 
       7.837772350447e-02       1.275831365533e-02 
       7.932301725998e-02       1.273464146537e-02 
       8.033440953427e-02       1.270836142167e-02 
       8.142136005142e-02       1.267908742086e-02 
       8.259515195529e-02       1.264637747371e-02 
       8.386928031984e-02       1.260964690013e-02 
       8.525989700772e-02       1.256823725088e-02 
       8.678628360425e-02       1.252130140558e-02 
       8.847127856040e-02       1.246784884078e-02 
       9.034150072002e-02       1.240666798272e-02 
       9.242707360863e-02       1.233631427142e-02 
       9.476036844603e-02       1.225515270060e-02 
       9.737312969431e-02       1.216139327741e-02 
       1.002914701215e-01       1.205325575923e-02 
       1.035290409814e-01       1.192925462782e-02 
       1.070803914216e-01       1.178844400748e-02 
       1.109181600952e-01       1.163076689226e-02 
       1.149970046128e-01       1.145707380093e-02 
       1.192632136017e-01       1.126901362978e-02 
       1.236651485364e-01       1.106875584718e-02 
       1.281600201997e-01       1.085875931918e-02 
       1.327159431157e-01       1.064161799159e-02 
       1.373108376800e-01       1.041995785306e-02 
       1.419301435621e-01       1.019635036176e-02 
       1.465645572513e-01       9.973231792071e-03 
       1.512082514273e-01       9.752798189573e-03 
       1.558576210254e-01       9.536905359516e-03 
       1.605104526700e-01       9.326991160632e-03 
       1.651653936864e-01       9.124033260000e-03 
       1.698216196753e-01       8.928529457512e-03 
       1.744786289903e-01       8.740525715860e-03 
       1.791361166268e-01       8.559680676095e-03 
       1.837938971896e-01       8.385342807606e-03 
       1.884518579683e-01       8.216668139117e-03 
       1.931099303997e-01       8.052712308422e-03 
       1.977680727292e-01       7.892547128588e-03 
       2.024262594827e-01       7.735344256172e-03 
       2.070844750757e-01       7.580452530543e-03 
       2.117427099341e-01       7.427430221724e-03 
       2.164009581397e-01       7.276077823832e-03 
       2.210592160009e-01       7.126421676222e-03 
       2.257174811849e-01       6.978682832114e-03 
       2.303757521903e-01       6.833234973651e-03 
       2.350340280266e-01       6.690541969751e-03 
       2.396923080196e-01       6.551093250492e-03 
       2.443505916916e-01       6.415351196120e-03 
       2.490088786900e-01       6.283696262811e-03 
       2.536671687418e-01       6.156389349199e-03 
       2.583254616270e-01       6.033548983687e-03 
       2.629837571611e-01       5.915151664261e-03 
       2.676420551848e-01       5.801029720218e-03 
       2.723003555573e-01       5.690903255408e-03 
       2.769586581517e-01       5.584407963537e-03 
       2.816169628525e-01       5.481127807004e-03 
       2.862752695532e-01       5.380639770267e-03 
       2.909335781553e-01       5.282541509654e-03 
       2.955918885674e-01       5.186490077444e-03 
       3.002502007038e-01       5.092213297006e-03 
       3.049085144847e-01       4.999530026065e-03 
       3.095668298348e-01       4.908348375758e-03 
       3.142251466839e-01       4.818662028136e-03 
       3.188834649657e-01       4.730533826506e-03 
       3.235417846178e-01       4.644076299776e-03 
       3.282001055814e-01       4.559432890491e-03 
       3.328584278010e-01       4.476750354971e-03 
       3.375167512243e-01       4.396162667439e-03 
       3.421750758017e-01       4.317769845579e-03 
       3.468334014865e-01       4.241631170254e-03 
       3.514917282343e-01       4.167753213704e-03 
       3.561500560032e-01       4.096092144958e-03 
       3.608083847533e-01       4.026560566907e-03 
       3.654667144469e-01       3.959028465267e-03 
       3.701250450481e-01       3.893343110644e-03 
       3.747833765229e-01       3.829338085140e-03 
       3.794417088389e-01       3.766847996888e-03 
       3.841000419653e-01       3.705719354126e-03 
       3.887583758729e-01       3.645818575915e-03 
       3.934167105336e-01       3.587043089821e-03 
       3.980750459209e-01       3.529321281611e-03 
       4.027333820095e-01       3.472614502063e-03 
       4.073917187751e-01       3.416908487996e-03 
       4.120500561947e-01       3.362215695225e-03 
       4.167083942462e-01       3.308565457533e-03 
       4.213667329086e-01       3.255995661510e-03 
       4.260250721616e-01       3.204543557976e-03 
       4.306834119860e-01       3.154243040218e-03 
       4.353417523635e-01       3.105117316669e-03 
       4.400000932762e-01       3.057172902704e-03 
       4.446584347073e-01       3.010403118511e-03 
       4.493167766407e-01       2.964780150346e-03 
       4.539751190607e-01       2.920266540369e-03 
       4.586334619525e-01       2.876809080629e-03 
       4.632918053017e-01       2.834348470406e-03 
       4.679501490947e-01       2.792819514421e-03 
       4.726084933182e-01       2.752162879939e-03 
       4.772668379596e-01       2.712317001943e-03 
       4.819251830066e-01       2.673231922592e-03 
       4.865835284477e-01       2.634865058773e-03 
       4.912418742715e-01       2.597184686615e-03 
       4.959002204672e-01       2.560170329349e-03 
       5.005585670243e-01       2.523809237975e-03 
       5.052169139329e-01       2.488096089516e-03 
       5.098752611832e-01       2.453033834437e-03 
       5.145336087659e-01       2.418625831673e-03 
       5.191919566721e-01       2.384876920835e-03 
       5.238503048930e-01       2.351791538970e-03 
       5.285086534203e-01       2.319367933547e-03 
       5.331670022460e-01       2.287610923124e-03 
       5.378253513622e-01       2.256503453245e-03 
       5.424837007614e-01       2.226035241541e-03 
       5.471420504365e-01       2.196189588569e-03 
       5.518004003803e-01       2.166943894883e-03 
       5.564587505860e-01       2.138276742313e-03 
       5.611171010472e-01       2.110160885847e-03 
       5.657754517575e-01       2.082572869699e-03 
       5.704338027108e-01       2.055488821755e-03 
       5.750921539011e-01       2.028886494429e-03 
       5.797505053227e-01       2.002747706031e-03 
       5.844088569701e-01       1.977057771115e-03 
       5.890672088378e-01       1.951803310212e-03 
       5.937255609207e-01       1.926975538267e-03 
       5.983839132137e-01       1.902566258900e-03 
       6.030422657120e-01       1.878573867832e-03 
       6.077006184108e-01       1.854992313791e-03 
       6.123589713054e-01       1.831819332326e-03 
       6.170173243915e-01       1.809050676801e-03 
       6.216756776648e-01       1.786686378101e-03 
       6.263340311210e-01       1.764718463800e-03 
       6.309923847560e-01       1.743142685292e-03 
       6.356507385660e-01       1.721950890394e-03 
       6.403090925471e-01       1.701134392475e-03 
       6.449674466955e-01       1.680684527078e-03 
       6.496258010077e-01       1.660590165695e-03 
       6.542841554801e-01       1.640840779277e-03 
       6.589425101094e-01       1.621425100485e-03 
       6.636008648922e-01       1.602331770583e-03 
       6.682592198254e-01       1.583552633164e-03 
       6.729175749057e-01       1.565075075066e-03 
       6.775759301301e-01       1.546894387692e-03 
       6.822342854956e-01       1.529006468829e-03 
       6.868926409995e-01       1.511397473535e-03 
       6.915509966388e-01       1.494066227457e-03 
       6.962093524109e-01       1.477008012115e-03 
       7.008677083131e-01       1.460217939022e-03 
       7.055260643427e-01       1.443693826961e-03 
       7.101844204974e-01       1.427430941661e-03 
       7.148427767746e-01       1.411425709564e-03 
       7.195011331720e-01       1.395674385795e-03 
       7.241594896871e-01       1.380173664179e-03 
       7.288178463179e-01       1.364919810202e-03 
       7.334762030620e-01       1.349906953003e-03 
       7.381345599173e-01       1.335129760619e-03 
       7.427929168816e-01       1.320582417700e-03 
       7.474512739531e-01       1.306262042079e-03 
       7.521096311296e-01       1.292161684234e-03 
       7.567679884092e-01       1.278275813072e-03 
       7.614263457900e-01       1.264599538802e-03 
       7.660847032701e-01       1.251127753105e-03 
       7.707430608479e-01       1.237855212153e-03 
       7.754014185214e-01       1.224778813181e-03 
       7.800597762890e-01       1.211894341399e-03 
       7.847181341489e-01       1.199198230779e-03 
       7.893764920996e-01       1.186686514391e-03 
       7.940348501395e-01       1.174356985809e-03 
       7.986932082669e-01       1.162205788883e-03 
       8.033515664804e-01       1.150230822336e-03 
       8.080099247785e-01       1.138429359478e-03 
       8.126682831597e-01       1.126798317741e-03 
       8.173266416225e-01       1.115336058769e-03 
       8.219850001656e-01       1.104038216243e-03 
       8.266433587877e-01       1.092902412056e-03 
       8.313017174873e-01       1.081925796283e-03 
       8.359600762633e-01       1.071105435860e-03 
       8.406184351142e-01       1.060438427553e-03 
       8.452767940389e-01       1.049919009936e-03 
       8.499351530362e-01       1.039552115720e-03 
       8.545935121049e-01       1.029326405310e-03 
       8.592518712438e-01       1.019241726248e-03 
       8.639102304517e-01       1.009296370869e-03 
       8.685685897276e-01       9.994866916383e-04 
       8.732269490704e-01       9.898105519890e-04 
       8.778853084789e-01       9.802653088094e-04 
       8.825436679522e-01       9.708488492949e-04 
       8.872020274892e-01       9.615593605116e-04 
       8.918603870890e-01       9.523935415086e-04 
       8.965187467505e-01       9.433508172177e-04 
       9.011771064728e-01       9.344285765318e-04 
       9.058354662549e-01       9.256248642665e-04 
       9.104938260960e-01       9.169376049004e-04 
       9.151521859951e-01       9.083656557849e-04 
       9.198105459513e-01       8.999063301298e-04 
       9.244689059638e-01       8.915581133637e-04 
       9.291272660318e-01       8.833187939858e-04 
       9.337856261543e-01       8.751877609185e-04 
       9.384439863306e-01       8.671608418043e-04 
       9.431023465599e-01       8.592388855340e-04 
       9.477607068414e-01       8.514174689936e-04 
       9.524190671743e-01       8.436968324842e-04 
       9.570774275579e-01       8.360745086522e-04 
       9.617357879914e-01       8.285488874372e-04 
       9.663941484742e-01       8.211188348051e-04 
       9.710525090054e-01       8.137818200811e-04 
       9.757108695845e-01       8.065365688873e-04 
       9.803692302106e-01       7.993820932602e-04 
       9.850275908833e-01       7.923161333131e-04 
       9.896859516017e-01       7.853377934770e-04 
       9.943443123653e-01       7.784462814654e-04 
       9.990026731734e-01       7.716393954581e-04 
       1.003661034025e+00       7.649161244802e-04 
       1.008319394921e+00       7.582747128946e-04 
       1.012977755859e+00       7.517148566297e-04 
       1.017636116839e+00       7.452346374717e-04 
       1.022294477860e+00       7.388331161434e-04 
       1.026952838923e+00       7.325085957012e-04 
       1.031611200026e+00       7.262605373825e-04 
       1.036269561169e+00       7.200875588131e-04 
       1.040927922351e+00       7.139883061183e-04 
       1.045586283572e+00       7.079616135079e-04 
       1.050244644831e+00       7.020063031477e-04 
       1.054903006128e+00       6.961214046539e-04 
       1.059561367462e+00       6.903057844724e-04 
       1.064219728833e+00       6.845586101931e-04 
       1.068878090241e+00       6.788784365714e-04 
       1.073536451684e+00       6.732651762599e-04 
       1.078194813162e+00       6.677163131383e-04 
       1.082853174676e+00       6.622322313242e-04 
       1.087511536224e+00       6.568108728024e-04 
       1.092169897805e+00       6.514521526500e-04 
       1.096828259421e+00       6.461544445649e-04 
       1.101486621069e+00       6.409179305199e-04 
       1.106144982751e+00       6.357407475489e-04 
       1.110803344464e+00       6.306230073577e-04 
       1.115461706210e+00       6.255619342009e-04 
       1.120120067987e+00       6.205591579960e-04 
       1.124778429795e+00       6.156117286047e-04 
       1.129436791634e+00       6.107205168374e-04 
       1.134095153503e+00       6.058835301862e-04 
       1.138753515403e+00       6.010986218277e-04 
       1.143411877331e+00       5.963703931049e-04 
       1.148070239289e+00       5.916928009368e-04 
       1.152728601276e+00       5.870667053087e-04 
       1.157386963292e+00       5.824905688758e-04 
       1.162045325336e+00       5.779664408743e-04 
       1.166703687407e+00       5.734913876180e-04 
       1.171362049506e+00       5.690642763575e-04 
       1.176020411633e+00       5.646850346363e-04 
       1.180678773786e+00       5.603528873963e-04 
       1.185337135966e+00       5.560677850527e-04 
       1.189995498172e+00       5.518290408419e-04 
       1.194653860404e+00       5.476353730689e-04 
       1.199312222661e+00       5.434864089839e-04 
       1.203970584944e+00       5.393812219645e-04 
       1.208628947252e+00       5.353196396097e-04 
       1.213287309585e+00       5.313020030593e-04 
       1.217945671942e+00       5.273255602987e-04 
       1.222604034324e+00       5.233913927143e-04 
       1.227262396729e+00       5.194982203505e-04 
       1.231920759158e+00       5.156458765190e-04 
       1.236579121611e+00       5.118337531585e-04 
       1.241237484086e+00       5.080610605203e-04 
       1.413324150649e+00       3.922317311051e-04 
       1.691983071954e+00       2.712990329506e-04 
       2.111161397190e+00       1.699044269605e-04 
       2.656935357976e+00       1.028957235691e-04 
       3.344875162466e+00       6.140585587037e-05 
       4.210948327553e+00       3.619012462667e-05 
       5.301269857306e+00       2.109159303846e-05 
       6.673903338141e+00       1.216948647117e-05 
       8.401946508244e+00       6.958503829405e-06 
       1.057742396776e+01       3.946668351507e-06 
       1.331618782434e+01       2.222007459006e-06 
       1.676408724028e+01       1.242691867105e-06 
       2.110473543233e+01       6.907853161209e-07 
       2.656928774495e+01       3.818746467707e-07 
       3.344875151539e+01       2.100348646698e-07 
       4.210948327551e+01       1.149865629874e-07 
       5.301269857306e+01       6.268220745168e-08 
       6.673903338141e+01       3.403544501020e-08 
       8.401946508244e+01       1.841355368279e-08 
       1.057742396776e+02       9.928378949991e-09 
       1.331618782434e+02       5.336583071267e-09 
       1.676408724028e+02       2.860082177324e-09 
       2.110473543233e+02       1.528700699941e-09 
       2.656928774495e+02       8.150055391037e-10 
       3.344875151539e+02       4.334892840424e-10 
       4.210948327551e+02       2.300510434138e-10 
       5.301269857306e+02       1.218349563581e-10 
       6.673903338141e+02       6.439571934778e-11 
       8.401946508244e+02       3.397430884695e-11 
       1.057742396776e+03       1.789267347822e-11 
